116.349254,39.784470
116.437448,39.792266
116.511505,39.826035
116.554769,39.875240
116.550973,39.915313
116.505881,40.006065
116.462100,40.022080
116.360361,40.028809
116.293715,40.019807
116.218698,39.930405
116.217890,39.900274
116.231619,39.851531
116.352597,39.836910
116.429613,39.838556
116.484988,39.848098
116.495690,39.877249
116.496230,39.914157
116.475706,39.977327
116.449150,39.993483
116.384818,39.993873
116.360107,39.992643
116.306406,39.991455
116.281146,39.930825
116.280604,39.903677
116.284491,39.881680
116.289716,39.871732
116.353190,39.855701
116.461263,39.868595
116.468394,39.914193
116.460594,39.963832
116.438416,39.975573
116.386734,39.974400
116.386734,39.974400
116.314688,39.968291
116.316550,39.948105
116.316798,39.903003
116.316998,39.890664
116.319037,39.873311
116.355181,39.873861
116.442293,39.914541
116.439176,39.955177
116.385854,39.955050
116.362284,39.948496
116.355494,39.903448